// way File(!!!!!!!!!!!!!!!!!!!!!!117new)
P(1)(0):450.578125 -1158.273438 -202.968750
P(1)(1):488.970490 -1197.035889 -202.968750
P(1)(2):539.018616 -1215.254883 -202.968750
P(1)(3):590.388367 -1229.304810 -202.968750
P(1)(4):643.824707 -1237.572876 -202.968750
P(1)(5):697.508606 -1237.584595 -202.968750
P(1)(6):750.366699 -1223.979858 -202.968750
P(1)(7):803.616272 -1216.494629 -202.968750
P(1)(8):856.442139 -1212.158447 -202.968750
P(1)(9):909.517639 -1202.952148 -202.968750
P(1)(10):958.865906 -1182.218750 -202.968750
P(1)(11):988.024414 -1137.464600 -202.968750
P(1)(12):991.284180 -1083.831665 -202.968750
P(1)(13):976.015564 -1030.992798 -202.968750
P(1)(14):961.992188 -979.757202 -202.968750
P(1)(15):951.188416 -927.733704 -202.968750
P(1)(16):941.721252 -875.527405 -202.968750
P(1)(17):934.308411 -822.882996 -202.968750
P(1)(18):929.463440 -770.038208 -202.968750
P(1)(19):933.210999 -716.840820 -202.968750
P(1)(20):935.213684 -663.580261 -202.968750
P(1)(21):933.660767 -610.500366 -202.968750
P(1)(22):942.312317 -557.976318 -202.968750
P(1)(23):966.769470 -510.442413 -202.968750
P(1)(24):993.930542 -462.416107 -202.968750
P(1)(25):1017.420715 -414.170074 -202.968750
P(1)(26):1033.616211 -363.502930 -202.968750
P(1)(27):1042.296631 -310.126587 -202.968750
P(1)(28):1041.731445 -256.833923 -202.968750
P(1)(29):1033.213257 -203.551010 -202.968750
P(1)(30):1006.279297 -156.806732 -202.968750
P(1)(31):957.047852 -132.924652 -202.968750
P(1)(32):904.284729 -123.072235 -202.968750
P(1)(33):851.382019 -118.194923 -202.968750
P(1)(34):798.410156 -115.016129 -202.968750
P(1)(35):745.400146 -112.761932 -202.968750
P(1)(36):692.360474 -111.487206 -202.968750
P(1)(37):639.303772 -110.651611 -202.968750
P(1)(38):586.251038 -110.140961 -202.968750
P(1)(39):533.203857 -109.476593 -202.968750
P(1)(40):480.148773 -108.885643 -202.968750
P(1)(41):427.094727 -108.697533 -202.968750
P(1)(42):374.046967 -108.558662 -202.968750
P(1)(43):320.992126 -108.395630 -202.968750
P(1)(44):267.929901 -107.960709 -202.968750
P(1)(45):215.108505 -102.250633 -202.968750
P(1)(46):165.929214 -80.326614 -202.968750
P(1)(47):116.615578 -60.455387 -202.968750
P(1)(48):62.873699 -55.417988 -202.968750
P(1)(49):10.888031 -44.235893 -202.968750
P(1)(50):-41.874870 -35.834236 -202.968750
P(1)(51):-95.723396 -41.613792 -202.968750
P(1)(52):-140.999130 -71.521172 -202.968750
P(1)(53):-185.021118 -103.009308 -202.968750
P(1)(54):-214.885284 -146.959137 -202.968750
P(1)(55):-228.083801 -200.060364 -202.968750
P(1)(56):-211.739136 -251.924103 -202.968750
P(1)(57):-185.100861 -298.246124 -202.968750
P(1)(58):-155.179642 -344.528046 -202.968750
P(1)(59):-144.267624 -397.879028 -202.968750
P(1)(60):-144.762802 -451.310181 -202.968750
P(1)(61):-149.139786 -504.238312 -202.968750
P(1)(62):-144.166489 -557.556580 -202.968750
P(1)(63):-142.657059 -611.139404 -202.968750
P(1)(64):-153.581833 -664.695190 -202.968750
P(1)(65):-177.917343 -714.198364 -202.968750
P(1)(66):-187.989716 -767.667786 -202.968750
P(1)(67):-211.637787 -816.768555 -202.968750
P(1)(68):-234.045105 -866.705261 -202.968750
P(1)(69):-234.020554 -920.726013 -202.968750
P(1)(70):-238.603043 -973.697571 -202.968750
P(1)(71):-241.099960 -1028.833984 -202.968750
P(1)(72):-239.791443 -1082.700928 -202.968750
P(1)(73):-228.603607 -1134.935181 -202.968750
P(1)(74):-198.272995 -1179.082886 -202.968750
P(1)(75):-149.084976 -1202.509521 -202.968750
P(1)(76):-97.593842 -1216.791016 -202.968750
P(1)(77):-45.061863 -1225.444214 -202.968750
P(1)(78):7.829358 -1230.361328 -202.968750
P(1)(79):60.784863 -1233.683228 -202.968750
P(1)(80):113.795830 -1236.022827 -202.968750
P(1)(81):166.826660 -1237.666260 -202.968750
P(1)(82):219.898575 -1238.179565 -202.968750
P(1)(83):270.666046 -1222.418457 -202.968750
